0.537035
0.537035
0.51541
0.51541
0.479328
0.477717
0.476418
0.476418
0.476418
0.476418
0.474535
0.474535
0.474535
0.474535
0.474535
0.471131
0.467829
0.467829
0.467829
0.467829
0.467627
0.458378
0.458378
0.456648
0.456648
0.439721
0.439721
0.439721
0.437063
0.437063
0.437063
0.437063
0.437063
0.437063
0.418829
0.418829
0.418829
0.418829
0.418829
0.418829
0.418829
0.418829
0.418829
0.418829
0.418829
0.418829
0.418829
0.418829
0.418829
0.418829
0.418829
0.418829
0.418829
0.418829
0.418829
0.418829
0.418829
0.418829
0.418829
0.418829
0.418829
0.418829
0.418829
0.418829
0.418829
0.418829
0.418829
0.418829
0.418829
0.418829
0.418829
0.418829
0.418829
0.418829
0.418829
0.418829
0.418829
0.418829
0.418829
0.418829
0.418829
0.418829
0.418829
0.418829
0.418829
0.418829
0.418829
0.418829
0.418829
0.418829
0.418829
0.418829
0.418829
0.418829
0.418829
0.418829
0.418829
0.418829
0.418829
0.418829
