135.376
45.659
52.8752
174.171
996.112
189400
131.497
2761.55
264.183
7461.54
46617.4
521.017
79.0516
5187.6
1092.05
19.5844
49.2584
26.4981
31.9444
1453.4
854.451
46.9187
562.475
1113.72
5208.29
2163.99
4184.37
1710.5
1037.85
2361.73
1.02579e+32
47.383
24.3213
45.3968
20.1979
19.8335
27.5207
13.5992
655.365
36.6676
5161.72
59.9704
3375.87
133.136
49.2303
5664.08
92752.1
885.269
304.124
84258
29.017
293.567
66.2074
24.755
9.72214
23.0723
105.842
13.4459
16.3737
647.342
93.7267
598.699
5225.84
58.2541
34.2975
1134.09
5163.1
2352.18
25.0891
1164.15
149.006
114716
53.7889
50.0599
46338.8
119022
167.951
11931.4
3929.59
119006
82.5581
1132.95
798.79
74.4709
113936
113311
194.11
115393
1587.79
113300
10922.2
123669
114878
6194.06
589.268
5186.81
3542.53
19.6594
2889.38
52.3841
